mosquitto version 2.0.11
590099 seconds
18.50
97.95
56.40
18.31
97.19
55.98
1.71
7.41
4.13
479.83
2488.21
1428.31
73.25
388.77
223.94
16.73
90.48
52.26
16.60
89.78
51.86
212
590110 seconds
2
2
2
20.88
71.89
1.43
51.17
463.41
2241.04
15.76
15.65
95.60
105.87
7.14
11.00
2412.37
843.33
87.62
86.94
56.11
59.41
4.08
3.71
1415.60
379.32
51.76
51.36
30
30
174
4
33
45984
3295
3586
354
81379
27997
1926
590121 seconds
17.38
70.82
1.19
51.73
385.79
2057.52
13.12
13.03
92.16
104.41
6.89
12.57
2325.52
854.20
84.46
83.81
55.43
59.49
4.03
4.33
1398.40
388.62
51.13
50.74
41
41
207
41
48152
3656
424
30837
2266
590132 seconds
14.47
68.09
0.99
50.38
321.16
1904.74
10.92
10.84
88.84
102.62
6.64
13.68
2241.80
864.69
81.42
80.79
54.76
59.43
3.98
4.81
1381.41
397.82
50.51
50.12
3714
482
33309
2578
590143 seconds
12.05
65.82
0.82
49.25
267.37
1777.55
9.09
9.03
85.64
100.89
6.40
14.76
2161.09
874.80
78.49
77.89
54.09
59.37
3.93
5.28
1364.63
406.90
49.90
49.51
205
3774
542
35855
2892
590154 seconds
10.03
63.93
0.68
48.31
222.58
1671.67
7.57
7.52
82.56
99.22
6.17
15.80
2083.28
884.54
75.67
75.08
53.44
59.31
3.88
5.74
1348.05
415.87
49.29
48.91
204
3834
602
38399
3204
590165 seconds
37.59
64.19
27.98
47.52
1494.61
1587.18
6.30
6.26
85.87
98.00
11.84
16.80
2289.69
894.72
72.94
72.38
54.91
59.38
5.82
6.20
1426.63
425.00
48.69
48.32
207
3327
3898
234
666
82812
41185
1284
3554
